r3-r2=0.08074067044258118
s-r2=0.09974125146865845
d-r2=0.11274790525436401
