s-r1=0.1097261700630188
d-r1=0.10974609923362733
r2-r1=0.1908837492465973
