s-r3=0.00040945291519165036
d-r3=0.0004201617240905762
